0.338069484
0.336964449
0.335485607
0.333668429
0.333843539
0.331355094
0.329674944
0.329359882
0.328825461
0.323697455
0.322618844
0.322408262
0.322767799
0.317284759
0.318849039
0.315805691
0.314860776
0.313860221
0.310474712
0.311936673
0.308211344
0.309639274
0.304132915
0.305365973
0.302834449
0.301480525
0.300545872
0.297496088
0.299009681
0.296838865
0.29573887
0.291112201
0.292251718
0.289227412
0.288027665
0.287326687
0.284091079
0.284870113
0.281084599
0.282105635
0.277818065
0.27906967
0.276058688
0.274850388
0.273832683
0.271089363
0.271943617
0.267639617
0.26897594
0.266610973
0.264509434
0.26113437
0.262886859
0.259937009
0.259257909
0.257392161
0.255743657
0.255078601
0.254035461
0.250960199
0.249744786
0.24979948
0.244968216
0.246368776
0.243523405
0.242571603
0.241572939
0.23926055
0.239555625
0.235536211
0.23715163
0.231549389
0.233047272
0.22976476
0.231304551
0.227222566
0.224893028
0.223355171
0.22488614
0.220579303
0.222495244
0.216465179
0.21877041
0.214324387
0.215767757
0.212681105
0.211487075
0.208792326
0.207499308
0.207565705
0.20386635
0.205170038
0.20134122
0.202363202
0.198172955
0.19943811
0.19643262
0.195217883
0.194438355
0.191014087
0.193113014
0.187954761
0.186704371
0.188508267
0.185601228
0.183540609
0.181956837
0.180941292
0.178170829
0.179581157
0.176429097
0.172858442
0.174223305
0.170555821
0.170563655
0.16878312
0.167351365
0.166268252
0.163366704
0.164987119
0.159511012
0.161385807
0.157357121
0.15872221
0.154269975
0.153999659
0.152728294
0.149956929
0.149928388
0.147051598
0.149410848
0.14376481
0.144956228
0.140941362
0.141917878
0.13886787
0.138817902
0.134161749
0.133737706
0.134710215
0.130401714
0.131558832
0.127032099
0.12860115
0.124215538
0.124931056
0.122642705
0.121678299
0.120549227
0.117307678
0.119313107
0.114379975
0.115012934
0.111559815
0.112810968
0.109181793
0.108454842
0.106852029
0.105033144
0.104206753
0.100873147
0.102251334
0.0978535701
0.100055536
0.0950719866
0.096278846
0.0918877439
0.0932566577
0.0903770314
0.0889802542
0.0878307441
0.0855293384
0.0860830267
0.0817859165
0.0828574137
0.0785674602
0.0791026016
0.0759414514
0.0770395976
0.0727881778
0.0737252152
0.0709688411
0.0697719752
0.0686421832
0.0664345005
0.0665515846
0.0626102292
0.062993084
0.0586289001
0.0602711924
0.0554368243
0.0579645213
0.0531349244
0.0543667672
0.0517895543
0.0517341394
0.0473282734
0.0477758597
0.0468787959
0.0437414583
0.0442521105
0.0405900761
0.0425362646
0.0379112638
0.0393130375
0.0335670671
0.0357590395
0.0309013538
0.0324192228
0.0286289398
0.0296176098
0.0267006215
0.0261673713
0.0237500531
0.0228727506
0.0215190527
0.0197047129
0.0188964186
0.015790727
0.0156750829
0.0124604095
0.0147661346
0.00935305231
0.0114010658
0.00671565379
0.00768456243
0.00333442375
0.00472165843
0.00157455332
0.00110626028
-0.000659778008
-0.0025854851
-0.00333120778
-0.0062096622
-0.00447360413
-0.00932296149
-0.00763115375
-0.0127508273
-0.0115310949
-0.0152516492
-0.0142453781
-0.0175392785
-0.0185310539
-0.0211760601
-0.022653504
-0.0209193372
-0.0258831673
-0.023093708
-0.0294209603
-0.0277070059
-0.0317073752
-0.0304200746
-0.0350060466
-0.0333782504
-0.0363806766